37 1 2 8 0
34 2 3 10 0
18 3 4 12 0
29 4 5 14 0
23 5 6 16 0
43 1 7 8 18
52 2 8 9 18
52 2 9 10 19
34 3 10 11 19
30 3 11 12 20
24 4 12 13 20
43 4 13 14 21
68 5 14 15 21
41 5 15 16 22
20 6 16 17 22
37 0 7 18 23
39 18 9 19 25
50 19 11 20 27
34 20 13 21 29
63 21 15 22 31
30 22 17 0 33
56 18 23 24 34
33 18 24 25 35
25 19 25 26 35
56 19 26 27 36
50 20 27 28 36
34 20 28 29 37
43 21 29 30 37
42 21 30 31 38
25 22 31 32 38
23 22 32 33 39
49 24 34 35 41
38 26 35 36 43
44 28 36 37 45
29 30 37 38 47
4 32 38 39 49
50 34 40 41 51
29 35 41 42 51
33 35 42 43 52
56 36 43 44 52
50 36 44 45 53
47 37 45 46 53
51 37 46 47 54
42 38 47 48 54
27 38 48 49 55
8 39 49 50 55
43 0 40 51 56
47 51 42 52 58
43 52 44 53 60
62 53 46 54 62
52 54 48 55 64
21 55 50 0 66
50 51 56 57 67
43 51 57 58 68
52 52 58 59 68
49 52 59 60 69
49 53 60 61 69
66 53 61 62 70
63 54 62 63 70
41 54 63 64 71
26 55 64 65 71
44 55 65 66 72
31 57 67 68 74
49 59 68 69 76
59 61 69 70 78
46 63 70 71 80
36 65 71 72 82
25 67 73 74 84
19 68 74 75 84
31 68 75 76 85
50 69 76 77 85
52 69 77 78 86
46 70 78 79 86
42 70 79 80 87
47 71 80 81 87
45 71 81 82 88
44 72 82 83 88
4 73 0 84 0
22 75 84 85 0
41 77 85 86 0
26 79 86 87 0
38 81 87 88 0
22 83 88 0 0
